p1,p2,distance,similarity
31,106,0.5017690576,0.1857916989
31,219,0.5049855259,0.280474007
31,236,0.5422965584,0.5019948788
31,610,0.5065937601,0.1875781576
31,632,0.5159215182,0.2865479664
31,1044,0.5252492763,0.1944857977
31,1278,0.5593438405,0.2071101054
32,1277,0.5078803474,0.1880545465
31,1658,0.5297523319,0.1961531591
31,1924,0.5197812802,0.1924611445
39,106,0.5146349308,0.1905555886
39,219,0.516243165,0.1911510749
39,236,0.552589257,0.4092181266
39,610,0.5175297523,0.1916274638
39,632,0.5268575105,0.1950812839
39,1044,0.5361852686,0.1985351039
39,1278,0.5693148922,0.2108021199
39,1658,0.5403666774,0.2000833681
39,1924,0.5307172724,0.1965104508
41,106,0.5017690576,0.1857916989
42,105,0.5017690576,0.1857916989
41,219,0.5101318752,0.1888882272
42,220,0.5101318752,0.1888882272
41,236,0.5480862014,0.4058834038
42,235,0.5480862014,0.4058834038
41,610,0.5114184625,0.1893646162
42,609,0.5114184625,0.1893646162
41,632,0.5210678675,0.1929375335
42,631,0.5210678675,0.1929375335
41,1044,0.5307172724,0.1965104508
42,1043,0.5307172724,0.1965104508
41,1278,0.5654551303,0.209372953
42,1277,0.5654551303,0.209372953
41,1658,0.5352203281,0.1981778122
42,1657,0.5352203281,0.1981778122
41,1924,0.5249276295,0.1943667004
42,1923,0.5249276295,0.1943667004
78,105,0.5127050499,0.1898410052
78,220,0.5165648118,0.1912701721
78,235,0.5535541975,0.4099327101
78,609,0.5178513992,0.1917465611
78,631,0.5271791573,0.1952003811
78,1043,0.5365069154,0.1986542012
78,1277,0.5702798327,0.2111594117
78,1657,0.5410099711,0.2003215626
78,1923,0.5310389193,0.196629548
90,1277,0.5001608234,0.2777943191
106,192,0.5217111611,0.289763592
106,255,0.5599871341,0.4146965998
106,266,0.5152782245,0.3815875662
106,326,0.5188163397,0.2881557792
106,387,0.5043422322,0.2801167153
106,893,0.5094885815,0.3773000655
106,968,0.5213895143,0.2895849461
106,1146,0.5082019942,0.3763472876
106,1392,0.5139916372,0.1903173942
106,1440,0.5049855259,0.1869826714
106,1721,0.522032808,0.3865896504
106,1882,0.5139916372,0.3806347883
106,1970,0.5159215182,0.2865479664
142,1277,0.5049855259,0.280474007
191,219,0.5197812802,0.1924611445
191,236,0.5554840785,0.411361877
191,610,0.5210678675,0.1929375335
191,632,0.5300739788,0.2944083844
191,915,0.5033772917,0.2795807777
191,1044,0.5394017369,0.1997260763
191,1278,0.5718880669,0.2117548979
191,1658,0.5432614989,0.2011552433
191,1924,0.5342553876,0.1978205205
219,265,0.516243165,0.2867266123
219,325,0.5159215182,0.1910319776
219,388,0.5130266967,0.2849401536
219,894,0.5078803474,0.3761090931
219,967,0.5191379865,0.19222295
219,976,0.5249276295,0.1943667004
219,1145,0.5075587005,0.3758708986
219,1391,0.516243165,0.1911510749
219,1439,0.510453522,0.1890073245
219,1722,0.5197812802,0.384922289
219,1881,0.5159215182,0.2865479664
219,1969,0.5159215182,0.2865479664
236,266,0.552589257,0.5115226583
236,326,0.5516243165,0.4085035431
236,387,0.5509810228,0.5100339427
236,893,0.5439047925,0.6041803132
236,968,0.554519138,0.4106472935
236,975,0.5892569958,0.436372298
236,1146,0.5435831457,0.6038230215
236,1187,0.5667417176,0.524623355
236,1392,0.552589257,0.4092181266
236,1440,0.5477645545,0.4056452093
236,1721,0.5551624317,0.6166855237
236,1780,0.5561273721,0.5147978324
236,1779,0.5583789,0.5168820342
236,1882,0.552589257,0.5115226583
236,1967,0.5513026697,0.5103316858
236,1970,0.5522676102,0.5112249151
256,1173,0.5976198134,0.4425653546
256,1187,0.5757478289,0.4263681296
256,1438,0.5931167578,0.3294229739
256,1437,0.5934384046,0.3296016197
265,610,0.5175297523,0.2874411957
265,632,0.5268575105,0.3901625677
265,1044,0.5361852686,0.2978026559
265,1278,0.5693148922,0.4216042399
265,1658,0.5400450306,0.2999464062
265,1924,0.5307172724,0.3930209016
325,610,0.5172081055,0.1915083666
325,632,0.5262142168,0.2922646341
325,1044,0.5355419749,0.1982969094
325,1278,0.5680283049,0.3154885964
325,1658,0.5394017369,0.1997260763
325,1924,0.5300739788,0.2944083844
388,609,0.514313284,0.1904364914
388,631,0.523962689,0.291014113
388,1043,0.5336120939,0.197582326
388,1277,0.5683499518,0.2104448282
388,1657,0.5381151496,0.1992496874
388,1923,0.5278224509,0.1954385756
610,893,0.5091669347,0.377061871
610,968,0.5204245738,0.2890490085
610,975,0.5294306851,0.2940510927
610,1146,0.508523641,0.376585482
610,1187,0.5040205854,0.2799380694
610,1392,0.5175297523,0.2874411957
610,1440,0.5117401094,0.2842255702
610,1721,0.5210678675,0.385875067
610,1882,0.5172081055,0.3830167332
610,1970,0.5172081055,0.2872625499
632,893,0.518173046,0.2877984875
632,968,0.5294306851,0.1960340618
632,975,0.544869733,0.2017507295
632,1146,0.5178513992,0.2876198416
632,1187,0.5197812802,0.2886917168
632,1392,0.5268575105,0.1950812839
632,1440,0.5213895143,0.1930566307
632,1721,0.5300739788,0.3925445126
632,1780,0.5114184625,0.2840469243
632,1779,0.5136699904,0.2852974454
632,1882,0.5265358636,0.2924432799
632,1967,0.508523641,0.188292741
632,1970,0.5265358636,0.2924432799
894,1043,0.5275008041,0.2929792175
894,1277,0.5606304278,0.3113797416
894,1657,0.5313605661,0.2951229679
894,1923,0.5223544548,0.2901208837
915,967,0.5027339981,0.279223486
915,1722,0.5033772917,0.4659679628
967,1044,0.5384367964,0.1993687846
967,1278,0.5712447732,0.3172750551
967,1658,0.5422965584,0.2007979515
967,1924,0.5332904471,0.2961948431
976,1043,0.5551624317,0.2055618412
976,1239,0.5046638791,0.2802953612
976,1245,0.5461563204,0.3033406777
976,1657,0.5699581859,0.3165604716
976,1923,0.5461563204,0.3033406777
1044,1146,0.5271791573,0.2928005717
1044,1187,0.5297523319,0.1961531591
1044,1392,0.5361852686,0.1985351039
1044,1440,0.5307172724,0.1965104508
1044,1721,0.5394017369,0.2995891145
1044,1780,0.522032808,0.1932948252
1044,1779,0.523962689,0.1940094087
1044,1882,0.5358636217,0.29762401
1044,1967,0.5188163397,0.1921038528
1044,1970,0.5358636217,0.1984160067
1090,1277,0.5175297523,0.1916274638
1145,1278,0.560308781,0.3112010957
1145,1658,0.5313605661,0.2951229679
1145,1924,0.5217111611,0.289763592
1188,1245,0.5316822129,0.1968677425
1188,1277,0.592795111,0.2194962187
1188,1657,0.5471212609,0.2025844102
1188,1923,0.5204245738,0.192699339
1246,1780,0.5136699904,0.2852974454
1246,1779,0.5159215182,0.2865479664
1246,1967,0.5049855259,0.280474007
1278,1296,0.512383403,0.1897219079
1278,1392,0.5696365391,0.2109212172
1278,1425,0.5226761016,0.1935330197
1278,1440,0.5651334834,0.2092538558
1278,1721,0.5715664201,0.4232716013
1278,1780,0.581215825,0.3228130769
1278,1779,0.5834673528,0.3240635979
1278,1882,0.5693148922,0.4216042399
1278,1967,0.5754261821,0.3195974513
1278,1970,0.5686715986,0.3158458882
1391,1658,0.5403666774,0.3001250521
1391,1924,0.5307172724,0.2947656762
1439,1658,0.5352203281,0.2972667183
1439,1924,0.5252492763,0.2917286965
1658,1721,0.542939852,0.402072292
1658,1780,0.5368285622,0.2981599476
1658,1779,0.5390800901,0.2994104686
1658,1882,0.5400450306,0.3999285417
1658,1967,0.5326471534,0.2958375514
1658,1970,0.5397233837,0.2997677604
1722,1923,0.5339337408,0.2965521348
1779,1924,0.5130266967,0.1899601024
1780,1923,0.5149565777,0.1906746859
1881,1924,0.5303956256,0.3927827071
1924,1967,0.5101318752,0.2833323409
1924,1970,0.5303956256,0.2945870303
