p1,p2,distance,similarity
1,256,0.6568028305,0.364794855
2,255,0.6741717594,0.3744417317
5,256,0.6683821164,0.4949681415
6,255,0.6899324542,0.510927172
9,256,0.6452235445,0.3583636039
10,255,0.6648440013,0.3692610016
11,256,0.6828562239,0.37926517
12,255,0.6783531682,0.3767641279
13,256,0.6680604696,0.3710474603
15,256,0.6867159858,0.3814089204
17,256,0.6937922161,0.3853391294
20,255,0.6847861049,0.3803370452
23,256,0.6696687038,0.3719406896
24,255,0.6551945963,0.3639016257
26,255,0.6744934062,0.4994938367
27,256,0.6950788035,0.5147382838
28,255,0.6973303313,0.5164056452
29,256,0.6954004503,0.6437205979
33,256,0.6297844966,0.3497886024
34,255,0.6661305886,0.3699755851
35,256,0.6091990994,0.3383552671
36,255,0.6860726922,0.3810516287
40,255,0.699903506,0.3887334008
43,256,0.6757799936,0.375334961
44,255,0.6487616597,0.3603287084
45,256,0.6111289804,0.3394271423
49,256,0.6632357671,0.3683677723
50,255,0.6497266002,0.360864646
56,255,0.6931489225,0.3849818377
58,255,0.6670955291,0.3705115227
59,256,0.657767771,0.3653307926
60,255,0.6970086845,0.387125588
61,256,0.659697652,0.3664026678
62,255,0.6580894178,0.3655094385
63,256,0.6658089418,0.3697969392
64,255,0.6892891605,0.3828380873
65,256,0.6889675137,0.5102125886
66,255,0.6738501126,0.4990174477
67,256,0.6124155677,0.3401417257
69,256,0.680604696,0.378014649
77,256,0.6677388228,0.3708688144
80,255,0.6365390801,0.3535401655
83,256,0.6429720167,0.4761507771
84,255,0.6728851721,0.4983028643
87,256,0.6982952718,0.5171202287
88,255,0.6715985848,0.4973500863
89,256,0.6510131875,0.4821056393
90,255,0.6278546156,0.4649556363
92,255,0.6648440013,0.4923480021
93,256,0.6638790608,0.4916334187
94,255,0.6738501126,0.4990174477
97,256,0.680604696,0.5040195319
100,255,0.692183982,0.5125945334
101,256,0.6645223545,0.4921098077
102,255,0.6378256674,0.4723396653
103,256,0.653908009,0.605311737
104,255,0.653908009,0.605311737
105,256,0.6982952718,0.5171202287
107,256,0.6416854294,0.4751979992
108,255,0.6416854294,0.4751979992
109,256,0.657767771,0.4871077235
110,255,0.6284979093,0.4654320252
111,256,0.6609842393,0.4894896683
113,256,0.6954004503,0.5149764783
115,256,0.6545513027,0.4847257786
116,255,0.665487295,0.4928243911
117,256,0.6101640399,0.4518549396
120,255,0.6416854294,0.4751979992
121,256,0.6307494371,0.4670993866
124,255,0.684464458,0.5068778658
125,256,0.6532647153,0.4837730007
127,256,0.6687037633,0.495206336
128,255,0.6535863622,0.4840111951
129,256,0.6664522354,0.6169237182
130,255,0.6712769379,0.6213898648
131,256,0.6834995175,0.6327041029
132,255,0.6963653908,0.6446138272
133,256,0.6436153104,0.4766271661
135,256,0.6542296558,0.4844875841
136,255,0.6542296558,0.4844875841
137,256,0.653908009,0.4842493896
138,255,0.657767771,0.4871077235
141,256,0.697973625,0.5168820342
142,255,0.6622708266,0.4904424463
144,255,0.6696687038,0.4959209194
145,256,0.6912190415,0.51187995
146,255,0.6413637826,0.4749598047
147,256,0.6397555484,0.5922110403
150,255,0.6613058861,0.4897278628
151,256,0.6841428112,0.6332995891
154,255,0.6687037633,0.495206336
155,256,0.6674171759,0.494253558
156,255,0.6449018977,0.477579944
157,256,0.6561595368,0.6073959388
161,256,0.6458668382,0.4782945275
162,255,0.682534577,0.5054486989
163,256,0.6625924735,0.4906806407
166,255,0.6809263429,0.3781932948
167,256,0.6912190415,0.3839099625
168,255,0.6995818591,0.388554755
173,256,0.6751366999,0.3749776693
174,255,0.6243165005,0.3467516227
179,256,0.6642007076,0.4918716132
186,255,0.6648440013,0.4923480021
187,256,0.6413637826,0.3562198535
188,255,0.6793181087,0.3773000655
189,256,0.6474750724,0.3596141249
190,255,0.650048247,0.3610432918
192,255,0.6207783853,0.3447865182
193,256,0.6802830492,0.3778360031
194,255,0.6690254101,0.3715833978
197,256,0.659697652,0.3664026678
198,255,0.621421679,0.3451438099
199,256,0.6468317787,0.3592568332
200,255,0.6140238019,0.341034955
201,256,0.6976519781,0.3874828798
204,255,0.6516564812,0.3619365212
205,256,0.6584110647,0.3656880843
206,255,0.6896108073,0.3830167332
207,256,0.680604696,0.378014649
211,256,0.6455451914,0.478056333
212,255,0.6683821164,0.4949681415
213,256,0.6613058861,0.3672958971
214,255,0.65583789,0.3642589174
215,256,0.653908009,0.3631870422
217,256,0.6522997748,0.3622938129
218,255,0.6642007076,0.3689037099
221,256,0.6442586041,0.3578276663
222,255,0.6600192988,0.3665813136
225,256,0.6497266002,0.360864646
226,255,0.6880025732,0.3821235038
227,256,0.6680604696,0.494729947
228,255,0.6683821164,0.4949681415
229,256,0.6490833065,0.3605073543
230,255,0.6330009649,0.351575061
237,256,0.6230299132,0.3460370392
238,255,0.690254101,0.3833740249
242,255,0.6854293985,0.5075924492
243,256,0.617561917,0.4573334127
245,256,0.627211322,0.4644792473
247,256,0.6973303313,0.5164056452
248,255,0.6915406883,0.5121181445
249,256,0.6786748151,0.502590365
250,255,0.6773882277,0.5016375871
253,256,0.6773882277,0.5016375871
254,255,0.6661305886,0.4933007801
255,256,0.6487616597,0.6005478473
256,258,0.6474750724,0.4794854999
256,260,0.6474750724,0.4794854999
256,264,0.6529430685,0.6044185077
256,263,0.6249597941,0.5785148574
256,265,0.6937922161,0.6422318823
256,267,0.6571244773,0.7299470017
256,270,0.650048247,0.4813910558
256,269,0.6413637826,0.4749598047
256,272,0.6780315214,0.6276424701
256,271,0.6420070762,0.5942952421
256,274,0.6896108073,0.5106889776
256,276,0.6812479897,0.5044959209
256,277,0.6568028305,0.851187995
256,280,0.6391122547,0.4732924433
256,279,0.6442586041,0.4771035551
256,284,0.682534577,0.5054486989
256,286,0.625281441,0.5788126005
256,285,0.6658089418,0.616328232
256,288,0.6455451914,0.478056333
256,290,0.6349308459,0.470195915
256,289,0.6471534255,0.4792473054
256,292,0.6593760051,0.3662240219
256,291,0.684464458,0.3801583993
256,294,0.6368607269,0.3537188114
256,293,0.6677388228,0.3708688144
256,296,0.6249597941,0.3471089144
256,295,0.6339659054,0.3521109986
256,298,0.6568028305,0.364794855
256,299,0.653908009,0.3631870422
256,302,0.6699903506,0.3721193354
256,301,0.696043744,0.3865896504
256,303,0.6838211644,0.3798011076
256,308,0.6629141203,0.3681891264
256,307,0.6182052107,0.3433573513
256,310,0.686394339,0.3812302745
256,309,0.6034094564,0.3351396415
256,312,0.6950788035,0.3860537129
256,311,0.68832422,0.3823021497
256,316,0.6407204889,0.4744834157
256,315,0.6658089418,0.4930625856
256,319,0.6847861049,0.5071160603
256,322,0.6645223545,0.4921098077
256,321,0.6719202316,0.4975882808
256,324,0.6429720167,0.5951884714
256,323,0.6796397555,0.6291311856
256,331,0.686394339,0.5083070327
256,334,0.6693470569,0.4956827249
256,333,0.6564811837,0.4861549455
256,337,0.6770665809,0.5013993926
256,344,0.6484400129,0.6002501042
256,343,0.6834995175,0.6327041029
256,346,0.661627533,0.4899660573
256,345,0.6812479897,0.5044959209
256,352,0.6526214217,0.4832966117
256,354,0.6339659054,0.4694813315
256,353,0.6490833065,0.4806764723
256,356,0.6857510454,0.5078306437
256,355,0.6384689611,0.4728160543
256,360,0.6458668382,0.4782945275
256,359,0.665487295,0.4928243911
256,362,0.6715985848,0.4973500863
256,361,0.6198134448,0.4590007741
256,364,0.6439369572,0.4768653606
256,363,0.6783531682,0.5023521705
256,366,0.6201350917,0.4592389686
256,365,0.6609842393,0.4894896683
256,370,0.6477967192,0.4797236944
256,369,0.6564811837,0.4861549455
256,374,0.6362174333,0.4711486929
256,373,0.6625924735,0.4906806407
256,376,0.6574461242,0.6085869112
256,377,0.680604696,0.5040195319
256,380,0.6957220971,0.5152146728
256,379,0.6423287231,0.4756743881
256,381,0.6487616597,0.4804382779
256,384,0.6613058861,0.4897278628
256,386,0.6767449341,0.5011611981
256,385,0.6468317787,0.4790091109
256,388,0.6937922161,0.5137855059
256,390,0.6799614024,0.503543143
256,392,0.6735284657,0.4987792533
256,391,0.6513348344,0.4823438337
256,394,0.6439369572,0.4768653606
256,393,0.6744934062,0.4994938367
256,396,0.6259247346,0.4635264694
256,395,0.6622708266,0.4904424463
256,397,0.694113863,0.5140237004
256,400,0.6918623352,0.512356339
256,402,0.6937922161,0.5137855059
256,409,0.6590543583,0.4880605014
256,414,0.6735284657,0.4987792533
256,413,0.6954004503,0.5149764783
256,415,0.6339659054,0.4694813315
256,420,0.661627533,0.4899660573
256,419,0.6706336443,0.4966355029
256,432,0.6896108073,0.5106889776
256,431,0.6204567385,0.4594771631
256,434,0.6243165005,0.5779193712
256,433,0.6793181087,0.6288334425
256,436,0.6410421357,0.4747216102
256,435,0.6510131875,0.4821056393
256,438,0.6442586041,0.4771035551
256,437,0.6468317787,0.4790091109
256,440,0.6555162432,0.7281605431
256,442,0.6802830492,0.5037813375
256,448,0.6413637826,0.4749598047
256,447,0.651978128,0.4828202227
256,450,0.6468317787,0.4790091109
256,449,0.6352524928,0.4704341095
256,451,0.6786748151,0.502590365
256,454,0.6719202316,0.4975882808
256,453,0.6738501126,0.4990174477
256,455,0.6484400129,0.4802000834
256,457,0.6442586041,0.4771035551
256,462,0.6741717594,0.7488834633
256,461,0.6735284657,0.7481688799
256,464,0.6989385655,0.5175966176
256,465,0.6516564812,0.4825820282
256,472,0.6764232872,0.5009230036
256,471,0.686394339,0.5083070327
256,478,0.6796397555,0.5033049485
256,477,0.6371823738,0.4718632764
256,480,0.6449018977,0.477579944
256,482,0.6667738823,0.4937771691
256,481,0.6371823738,0.4718632764
256,483,0.6989385655,0.5175966176
256,486,0.699903506,0.5183112011
256,488,0.6532647153,0.4837730007
256,487,0.6120939209,0.4532841065
256,490,0.680604696,0.5040195319
256,489,0.6770665809,0.5013993926
256,491,0.6995818591,0.6475912583
256,493,0.6873592795,0.5090216161
256,498,0.6625924735,0.6133508009
256,497,0.6436153104,0.5957839576
256,500,0.6957220971,0.5152146728
256,499,0.6600192988,0.4887750849
256,503,0.6458668382,0.4782945275
256,506,0.6584110647,0.4875841124
256,505,0.6413637826,0.4749598047
256,509,0.6957220971,0.7728220092
256,512,0.6297844966,0.4663848032
256,511,0.6304277903,0.4668611922
256,513,0.6284979093,0.5817900316
256,516,0.650048247,0.6017388197
256,515,0.6683821164,0.6187101769
256,518,0.6632357671,0.4911570297
256,517,0.6732068189,0.4985410588
256,520,0.6908973947,0.5116417555
256,526,0.6783531682,0.5023521705
256,528,0.661627533,0.4899660573
256,527,0.6371823738,0.4718632764
256,530,0.6664522354,0.4935389746
256,536,0.6728851721,0.4983028643
256,535,0.6622708266,0.4904424463
256,538,0.6693470569,0.6196034062
256,537,0.6429720167,0.5951884714
256,540,0.6603409456,0.6112665992
256,539,0.6503698939,0.6020365629
256,542,0.6976519781,0.5166438397
256,541,0.6642007076,0.4918716132
256,543,0.699903506,0.5183112011
256,546,0.6477967192,0.4797236944
256,550,0.699903506,0.5183112011
256,552,0.680604696,0.6300244149
256,551,0.6706336443,0.6207943786
256,556,0.6326793181,0.4685285536
256,555,0.6561595368,0.485916751
256,558,0.627211322,0.4644792473
256,557,0.6510131875,0.4821056393
256,562,0.6925056288,0.5128327279
256,564,0.6468317787,0.4790091109
256,563,0.6201350917,0.4592389686
256,565,0.6857510454,0.5078306437
256,568,0.6925056288,0.5128327279
256,570,0.6603409456,0.6112665992
256,569,0.6442586041,0.5963794438
256,574,0.6889675137,0.5102125886
256,573,0.6522997748,0.4830584172
256,578,0.6696687038,0.6199011493
256,577,0.6487616597,0.6005478473
256,579,0.6410421357,0.5934020127
256,585,0.6613058861,0.6121598285
256,588,0.6982952718,0.5171202287
256,587,0.6098423931,0.4516167451
256,590,0.6886458668,0.5099743941
256,592,0.6912190415,0.51187995
256,591,0.6880025732,0.5094980051
256,594,0.6506915407,0.4818674448
256,593,0.6619491798,0.4902042518
256,595,0.6526214217,0.4832966117
256,598,0.6693470569,0.4956827249
256,600,0.6490833065,0.3605073543
256,599,0.6809263429,0.3781932948
256,602,0.6452235445,0.4778181385
256,604,0.653908009,0.3631870422
256,603,0.6709552911,0.372655273
256,605,0.6764232872,0.3756922527
256,608,0.6555162432,0.3640802715
256,614,0.6606625925,0.3669386054
256,613,0.6783531682,0.3767641279
256,616,0.6522997748,0.3622938129
256,615,0.6828562239,0.37926517
256,622,0.6645223545,0.4921098077
256,621,0.6664522354,0.4935389746
256,624,0.6728851721,0.4983028643
256,623,0.6535863622,0.4840111951
256,626,0.65583789,0.4856785565
256,625,0.6629141203,0.4909188352
256,628,0.692183982,0.7688918002
256,627,0.6793181087,0.754600131
256,633,0.6703119974,0.4963973084
256,635,0.6712769379,0.4971118919
256,642,0.6995818591,0.9066277616
256,648,0.6584110647,0.4875841124
256,647,0.650048247,0.4813910558
256,650,0.657767771,0.4871077235
256,649,0.692183982,0.5125945334
256,652,0.619491798,0.4587625796
256,656,0.6783531682,0.6279402132
256,655,0.6670955291,0.6175192044
256,657,0.62335156,0.4616209135
256,660,0.6780315214,0.5021139761
256,659,0.6683821164,0.4949681415
256,663,0.690254101,0.5111653665
256,665,0.6593760051,0.4882986959
256,669,0.6529430685,0.6044185077
256,672,0.6619491798,0.4902042518
256,671,0.6687037633,0.495206336
256,676,0.6831778707,0.5059250878
256,675,0.6722418784,0.4978264753
256,677,0.6722418784,0.4978264753
256,679,0.6368607269,0.5895313523
256,686,0.6976519781,0.5166438397
256,685,0.6786748151,0.502590365
256,690,0.6651656481,0.4925861966
256,689,0.6220649727,0.4606681355
256,691,0.6632357671,0.4911570297
256,694,0.6629141203,0.8591079617
256,693,0.6699903506,0.8682784494
256,700,0.6532647153,0.4837730007
256,699,0.6133805082,0.4542368844
256,706,0.6204567385,0.4594771631
256,708,0.6860726922,0.5080688382
256,707,0.6162753297,0.4563806348
256,710,0.6439369572,0.4768653606
256,709,0.6529430685,0.4835348062
256,714,0.663557414,0.4913952242
256,713,0.6876809263,0.5092598106
256,716,0.6851077517,0.5073542547
256,715,0.6709552911,0.4968736974
256,720,0.6487616597,0.4804382779
256,726,0.6342875523,0.469719526
256,725,0.6606625925,0.4892514738
256,728,0.6490833065,0.4806764723
256,727,0.6851077517,0.5073542547
256,730,0.686394339,0.5083070327
256,729,0.6709552911,0.4968736974
256,734,0.6780315214,0.5021139761
256,736,0.6687037633,0.495206336
256,735,0.6761016404,0.5006848091
256,741,0.6732068189,0.4985410588
256,744,0.6931489225,0.5133091169
256,743,0.657767771,0.4871077235
256,746,0.6352524928,0.3528255821
256,745,0.6375040206,0.3540761031
256,747,0.6445802509,0.3580063122
256,749,0.6928272757,0.3848031918
256,752,0.651978128,0.362115167
256,756,0.6886458668,0.5099743941
256,758,0.6696687038,0.3719406896
256,757,0.6403988421,0.3556839159
256,766,0.696043744,0.3865896504
256,765,0.6767449341,0.3758708986
256,770,0.6783531682,0.5023521705
256,769,0.6571244773,0.4866313345
256,772,0.699903506,0.5183112011
256,771,0.6310710839,0.4673375811
256,774,0.6831778707,0.5059250878
256,773,0.6802830492,0.5037813375
256,776,0.6767449341,0.5011611981
256,775,0.6468317787,0.4790091109
256,780,0.6799614024,0.503543143
256,783,0.6590543583,0.6100756267
256,786,0.6944355098,0.5142618948
256,788,0.6799614024,0.503543143
256,787,0.663557414,0.4913952242
256,790,0.682534577,0.5054486989
256,792,0.6445802509,0.8353480617
256,794,0.699903506,0.5183112011
256,793,0.6243165005,0.4623354969
256,796,0.6053393374,0.4482820223
256,795,0.6394339016,0.4735306378
256,798,0.6892891605,0.5104507831
256,797,0.6638790608,0.4916334187
256,800,0.6362174333,0.4711486929
256,799,0.625281441,0.4630500804
256,802,0.6658089418,0.4930625856
256,801,0.6954004503,0.5149764783
256,805,0.6394339016,0.4735306378
256,808,0.699903506,0.5183112011
256,807,0.6966870376,0.5159292562
256,810,0.6761016404,0.876198416
256,809,0.6506915407,0.8432680283
256,811,0.6754583467,0.5002084202
256,813,0.6146670955,0.4551896624
256,816,0.6751366999,0.4999702257
256,815,0.6442586041,0.4771035551
256,822,0.6860726922,0.3810516287
256,821,0.68832422,0.3823021497
256,823,0.657767771,0.4871077235
256,827,0.6896108073,0.3830167332
256,830,0.6728851721,0.3737271482
256,829,0.6445802509,0.3580063122
256,832,0.6227082663,0.3458583934
256,831,0.6857510454,0.3808729828
256,836,0.6542296558,0.3633656881
256,835,0.6793181087,0.3773000655
256,839,0.6246381473,0.3469302686
256,842,0.6204567385,0.3446078723
256,844,0.6860726922,0.3810516287
256,843,0.6970086845,0.387125588
256,846,0.6703119974,0.4963973084
256,848,0.6728851721,0.3737271482
256,847,0.6780315214,0.376585482
256,850,0.625281441,0.3472875603
256,852,0.6455451914,0.3585422497
256,851,0.6413637826,0.3562198535
256,854,0.6954004503,0.5149764783
256,856,0.6516564812,0.3619365212
256,855,0.6497266002,0.360864646
256,858,0.6564811837,0.3646162091
256,862,0.6420070762,0.3565771452
256,861,0.6764232872,0.3756922527
256,866,0.6989385655,0.5175966176
256,868,0.6249597941,0.4628118859
256,867,0.6703119974,0.4963973084
256,872,0.6230299132,0.461382719
256,871,0.6613058861,0.4897278628
256,874,0.6992602123,0.5178348121
256,873,0.6860726922,0.5080688382
256,876,0.6931489225,0.5133091169
256,875,0.6841428112,0.5066396713
256,878,0.6899324542,0.510927172
256,880,0.6838211644,0.8862025844
256,879,0.6696687038,0.867861609
256,889,0.6420070762,0.4754361937
256,892,0.6783531682,0.5023521705
256,891,0.6670955291,0.4940153635
256,894,0.682534577,0.6318108736
256,896,0.6513348344,0.4823438337
256,895,0.6471534255,0.4792473054
256,898,0.6513348344,0.4823438337
256,897,0.6381473142,0.4725778598
256,902,0.6661305886,0.4933007801
256,904,0.6918623352,0.512356339
256,903,0.699903506,0.5183112011
256,905,0.6838211644,0.5064014768
256,908,0.6445802509,0.4773417495
256,907,0.6693470569,0.4956827249
256,912,0.6735284657,0.4987792533
256,914,0.663557414,0.4913952242
256,913,0.6741717594,0.4992556422
256,918,0.6613058861,0.4897278628
256,917,0.6069475716,0.4494729947
256,920,0.680604696,0.5040195319
256,922,0.6925056288,0.6410409099
256,924,0.6403988421,0.5928065265
256,923,0.6053393374,0.5603525278
256,926,0.6227082663,0.4611445245
256,925,0.6661305886,0.4933007801
256,927,0.6674171759,0.494253558
256,931,0.6551945963,0.4852021676
256,934,0.62335156,0.4616209135
256,933,0.6358957864,0.4709104984
256,938,0.690254101,0.5111653665
256,937,0.6670955291,0.4940153635
256,940,0.6384689611,0.4728160543
256,942,0.6741717594,0.4992556422
256,944,0.6648440013,0.4923480021
256,943,0.653908009,0.4842493896
256,946,0.6429720167,0.4761507771
256,948,0.6712769379,0.6213898648
256,952,0.6908973947,0.5116417555
256,951,0.6757799936,0.5004466147
256,954,0.6992602123,0.5178348121
256,956,0.6114506272,0.4528077175
256,955,0.6699903506,0.4961591139
256,960,0.6838211644,0.5064014768
256,962,0.6455451914,0.478056333
256,961,0.6564811837,0.4861549455
256,964,0.6712769379,0.4971118919
256,963,0.6693470569,0.4956827249
256,970,0.6677388228,0.6181146906
256,969,0.6622708266,0.6130530578
256,971,0.6873592795,0.5090216161
256,974,0.6690254101,0.3715833978
256,973,0.6880025732,0.3821235038
256,976,0.6957220971,0.3864110046
256,975,0.6719202316,0.3731912106
256,978,0.6590543583,0.366045376
256,977,0.6986169186,0.3880188174
256,984,0.6757799936,0.375334961
256,988,0.6828562239,0.37926517
256,987,0.68832422,0.3823021497
256,990,0.6677388228,0.3708688144
256,989,0.6320360244,0.3510391234
256,991,0.6674171759,0.3706901685
256,994,0.627211322,0.3483594355
256,993,0.6532647153,0.3628297505
256,996,0.699903506,0.3887334008
256,998,0.6732068189,0.3739057941
256,999,0.6211000322,0.4599535521
256,1008,0.6950788035,0.5147382838
256,1007,0.6561595368,0.485916751
256,1012,0.6571244773,0.4866313345
256,1011,0.6339659054,0.4694813315
256,1016,0.6603409456,0.6112665992
256,1015,0.6169186234,0.5710712797
256,1018,0.6333226118,0.4690049425
256,1017,0.6699903506,0.4961591139
256,1020,0.6696687038,0.4959209194
256,1019,0.6661305886,0.4933007801
256,1022,0.6773882277,0.5016375871
256,1021,0.6793181087,0.503066754
256,1024,0.6954004503,0.5149764783
256,1023,0.6783531682,0.5023521705
256,1026,0.6506915407,0.602334306
256,1025,0.6638790608,0.6145417734
256,1028,0.6445802509,0.4773417495
256,1027,0.6773882277,0.5016375871
256,1030,0.6413637826,0.5936997559
256,1034,0.6542296558,0.4844875841
256,1033,0.6841428112,0.5066396713
256,1037,0.6619491798,0.4902042518
256,1040,0.6088774526,0.4509021616
256,1039,0.6658089418,0.4930625856
256,1042,0.6477967192,0.4797236944
256,1046,0.6561595368,0.7288751265
256,1045,0.6436153104,0.7149407491
256,1048,0.6918623352,0.3842672542
256,1050,0.6513348344,0.3617578753
256,1049,0.6330009649,0.351575061
256,1052,0.6468317787,0.5987613887
256,1051,0.6449018977,0.59697493
256,1056,0.6410421357,0.7120824153
256,1055,0.6905757478,0.7671053415
256,1058,0.6638790608,0.4916334187
256,1057,0.6452235445,0.4778181385
256,1060,0.6468317787,0.4790091109
256,1059,0.6789964619,0.5028285595
256,1062,0.6336442586,0.469243137
256,1061,0.6455451914,0.478056333
256,1066,0.6442586041,0.4771035551
256,1068,0.699903506,0.5183112011
256,1067,0.6394339016,0.4735306378
256,1070,0.6687037633,0.495206336
256,1073,0.697973625,0.6461025427
256,1076,0.6744934062,0.4994938367
256,1078,0.6619491798,0.6127553147
256,1077,0.6793181087,0.6288334425
256,1086,0.6358957864,0.4709104984
256,1085,0.6439369572,0.4768653606
256,1090,0.6873592795,0.5090216161
256,1089,0.6677388228,0.4944917525
256,1092,0.6834995175,0.5061632823
256,1091,0.6413637826,0.4749598047
256,1094,0.6407204889,0.4744834157
256,1093,0.6876809263,0.5092598106
256,1095,0.6301061435,0.4666229977
256,1097,0.6050176906,0.5600547847
256,1100,0.6497266002,0.4811528613
256,1099,0.6957220971,0.5152146728
256,1102,0.6719202316,0.4975882808
256,1104,0.697973625,0.5168820342
256,1108,0.697973625,0.5168820342
256,1107,0.6973303313,0.5164056452
256,1110,0.6439369572,0.4768653606
256,1109,0.6449018977,0.477579944
256,1112,0.6593760051,0.4882986959
256,1111,0.6770665809,0.5013993926
256,1114,0.6728851721,0.4983028643
256,1113,0.6761016404,0.5006848091
256,1115,0.659697652,0.4885368904
256,1118,0.6642007076,0.4918716132
256,1117,0.6445802509,0.4773417495
256,1120,0.68832422,0.5097361996
256,1119,0.6744934062,0.4994938367
256,1122,0.6767449341,0.5011611981
256,1121,0.6667738823,0.4937771691
256,1124,0.6648440013,0.4923480021
256,1123,0.6471534255,0.4792473054
256,1126,0.6307494371,0.4670993866
256,1125,0.6892891605,0.5104507831
256,1130,0.6310710839,0.4673375811
256,1132,0.6706336443,0.4966355029
256,1135,0.6899324542,0.510927172
256,1138,0.6857510454,0.5078306437
256,1137,0.6670955291,0.4940153635
256,1140,0.6873592795,0.5090216161
256,1142,0.6600192988,0.4887750849
256,1141,0.6590543583,0.4880605014
256,1145,0.6744934062,0.6243672959
256,1147,0.6400771952,0.4740070267
256,1150,0.6516564812,0.6032275353
256,1152,0.6912190415,0.51187995
256,1151,0.6764232872,0.5009230036
256,1154,0.6706336443,0.4966355029
256,1156,0.6223866195,0.46090633
256,1155,0.6645223545,0.4921098077
256,1158,0.6931489225,0.5133091169
256,1157,0.6503698939,0.4816292503
256,1159,0.6690254101,0.4954445305
256,1162,0.6545513027,0.6059072232
256,1161,0.6545513027,0.6059072232
256,1164,0.6703119974,0.4963973084
256,1163,0.6712769379,0.4971118919
256,1166,0.6989385655,0.5175966176
256,1165,0.686394339,0.5083070327
256,1167,0.6346091991,0.5874471506
256,1170,0.6268896751,0.4642410528
256,1172,0.6336442586,0.469243137
256,1174,0.6773882277,0.5016375871
256,1176,0.6786748151,0.502590365
256,1175,0.6947571566,0.5145000893
256,1178,0.6950788035,0.5147382838
256,1177,0.6986169186,0.5173584232
256,1179,0.6722418784,0.4978264753
256,1184,0.657767771,0.4871077235
256,1183,0.6925056288,0.5128327279
256,1186,0.6986169186,0.5173584232
256,1188,0.6355741396,0.4706723039
256,1189,0.6773882277,0.5016375871
256,1191,0.6535863622,0.6050139939
256,1194,0.6976519781,0.6458047996
256,1198,0.6416854294,0.4751979992
256,1197,0.6477967192,0.4797236944
256,1200,0.6847861049,0.6338950753
256,1202,0.6741717594,0.4992556422
256,1201,0.6912190415,0.51187995
256,1203,0.6738501126,0.4990174477
256,1206,0.6468317787,0.4790091109
256,1208,0.6928272757,0.5130709224
256,1210,0.6712769379,0.4971118919
256,1209,0.6738501126,0.4990174477
256,1213,0.6326793181,0.4685285536
256,1216,0.6834995175,0.5061632823
256,1215,0.6407204889,0.4744834157
256,1218,0.6680604696,0.494729947
256,1222,0.6741717594,0.4992556422
256,1221,0.6777098746,0.5018757816
256,1224,0.6442586041,0.5963794438
256,1223,0.6494049534,0.6011433335
256,1226,0.6497266002,0.4811528613
256,1228,0.6503698939,0.4816292503
256,1227,0.6307494371,0.4670993866
256,1232,0.6725635252,0.4980646698
256,1231,0.6677388228,0.4944917525
256,1234,0.661627533,0.4899660573
256,1233,0.6622708266,0.4904424463
256,1237,0.6870376327,0.6359792771
256,1241,0.6265680283,0.4640028583
256,1244,0.6487616597,0.6005478473
256,1243,0.6413637826,0.5936997559
256,1246,0.6989385655,0.5175966176
256,1248,0.6950788035,0.5147382838
256,1247,0.6683821164,0.4949681415
256,1250,0.6767449341,0.5011611981
256,1249,0.6429720167,0.4761507771
256,1252,0.6751366999,0.6249627821
256,1255,0.6915406883,0.3840886083
256,1258,0.6423287231,0.3567557911
256,1257,0.6690254101,0.3715833978
256,1260,0.6651656481,0.4925861966
256,1262,0.6542296558,0.4844875841
256,1261,0.6986169186,0.5173584232
256,1264,0.6677388228,0.3708688144
256,1263,0.6513348344,0.3617578753
256,1265,0.648118366,0.7199428333
256,1268,0.6584110647,0.4875841124
256,1270,0.6931489225,0.5133091169
256,1269,0.6609842393,0.4894896683
256,1274,0.6950788035,0.3860537129
256,1273,0.680604696,0.378014649
256,1276,0.6593760051,0.3662240219
256,1275,0.6748150531,0.3747990234
256,1280,0.6712769379,0.4971118919
256,1279,0.6516564812,0.4825820282
256,1282,0.684464458,0.5068778658
256,1284,0.6352524928,0.4704341095
256,1283,0.6513348344,0.4823438337
256,1286,0.6931489225,0.5133091169
256,1285,0.6568028305,0.48639314
256,1290,0.648118366,0.4799618889
256,1289,0.6683821164,0.4949681415
256,1292,0.6789964619,0.3771214196
256,1291,0.6725635252,0.3735485024
256,1298,0.6442586041,0.3578276663
256,1297,0.6220649727,0.3455011016
256,1302,0.6561595368,0.3644375633
256,1304,0.6230299132,0.461382719
256,1303,0.6368607269,0.4716250819
256,1306,0.6568028305,0.48639314
256,1308,0.6950788035,0.5147382838
256,1307,0.6494049534,0.4809146668
256,1312,0.690254101,0.6389567082
256,1318,0.6738501126,0.6237718097
256,1317,0.6436153104,0.5957839576
256,1320,0.6436153104,0.4766271661
256,1319,0.6629141203,0.4909188352
256,1322,0.6748150531,0.4997320312
256,1321,0.6957220971,0.5152146728
256,1328,0.6764232872,0.5009230036
256,1327,0.659697652,0.4885368904
256,1330,0.6619491798,0.4902042518
256,1329,0.6744934062,0.4994938367
256,1335,0.6899324542,0.510927172
256,1338,0.6664522354,0.4935389746
256,1340,0.6880025732,0.3821235038
256,1342,0.6896108073,0.3830167332
256,1341,0.6561595368,0.3644375633
256,1344,0.665487295,0.3696182933
256,1343,0.646188485,0.3588995415
256,1346,0.6799614024,0.503543143
256,1348,0.6867159858,0.5085452272
256,1350,0.6568028305,0.48639314
256,1349,0.6358957864,0.4709104984
256,1352,0.621421679,0.4601917466
256,1351,0.6860726922,0.5080688382
256,1356,0.6477967192,0.3597927708
256,1355,0.6812479897,0.3783719407
256,1358,0.6793181087,0.3773000655
256,1364,0.6522997748,0.3622938129
256,1363,0.6590543583,0.366045376
256,1367,0.6876809263,0.381944858
256,1370,0.6613058861,0.3672958971
256,1369,0.6474750724,0.3596141249
256,1372,0.6799614024,0.3776573572
256,1374,0.6748150531,0.3747990234
256,1378,0.697973625,0.3876615256
256,1377,0.6432936636,0.3572917287
256,1381,0.6416854294,0.3563984994
256,1383,0.6834995175,0.3796224617
256,1386,0.6503698939,0.3612219377
256,1385,0.6413637826,0.3562198535
256,1390,0.6346091991,0.3524682904
256,1389,0.646188485,0.3588995415
256,1394,0.6648440013,0.4923480021
256,1393,0.6494049534,0.4809146668
256,1396,0.646188485,0.5981659025
256,1395,0.6275329688,0.5808968022
256,1398,0.6288195561,0.4656702197
256,1397,0.6516564812,0.4825820282
256,1400,0.6963653908,0.5156910618
256,1401,0.6947571566,0.6431251117
256,1404,0.680604696,0.5040195319
256,1406,0.6802830492,0.5037813375
256,1408,0.6223866195,0.46090633
256,1407,0.6484400129,0.4802000834
256,1409,0.6494049534,0.4809146668
256,1416,0.6429720167,0.5951884714
256,1415,0.6397555484,0.5922110403
256,1420,0.648118366,0.3599714167
256,1419,0.6709552911,0.372655273
256,1422,0.6114506272,0.3396057881
256,1421,0.6059826311,0.3365688084
256,1426,0.6925056288,0.3846245459
256,1425,0.6770665809,0.3760495445
256,1428,0.6722418784,0.3733698565
256,1430,0.6098423931,0.3387125588
256,1432,0.6542296558,0.6056094801
256,1434,0.6667738823,0.4937771691
256,1433,0.6468317787,0.4790091109
256,1436,0.6687037633,0.371404752
256,1435,0.650048247,0.3610432918
256,1439,0.6638790608,0.368725064
256,1442,0.6220649727,0.5758351694
256,1441,0.6432936636,0.5954862145
256,1446,0.6159536829,0.4561424403
256,1445,0.6336442586,0.469243137
256,1448,0.694113863,0.5140237004
256,1447,0.6513348344,0.4823438337
256,1450,0.6452235445,0.4778181385
256,1451,0.653908009,0.4842493896
256,1454,0.6812479897,0.5044959209
256,1453,0.692183982,0.5125945334
256,1456,0.6793181087,0.503066754
256,1455,0.6696687038,0.4959209194
256,1458,0.6770665809,0.5013993926
256,1457,0.6928272757,0.5130709224
256,1460,0.6407204889,0.4744834157
256,1462,0.651978128,0.4828202227
256,1461,0.6284979093,0.4654320252
256,1464,0.6802830492,0.6297266718
256,1469,0.6947571566,0.5145000893
256,1474,0.6516564812,0.4825820282
256,1478,0.6403988421,0.7113678318
256,1477,0.6651656481,0.7388792949
256,1479,0.6378256674,0.4723396653
256,1482,0.661627533,0.4899660573
256,1484,0.6111289804,0.452569523
256,1483,0.6992602123,0.5178348121
256,1486,0.665487295,0.4928243911
256,1493,0.6838211644,0.5064014768
256,1496,0.6876809263,0.381944858
256,1502,0.6545513027,0.4847257786
256,1501,0.6761016404,0.5006848091
256,1506,0.6275329688,0.4647174418
256,1505,0.6075908652,0.4499493837
256,1510,0.6403988421,0.4742452212
256,1509,0.6709552911,0.4968736974
256,1512,0.6828562239,0.5056868933
256,1511,0.6950788035,0.5147382838
256,1516,0.6661305886,0.4933007801
256,1520,0.6670955291,0.4940153635
256,1519,0.6632357671,0.4911570297
256,1522,0.6191701512,0.4585243852
256,1526,0.686394339,0.5083070327
256,1525,0.6574461242,0.486869529
256,1528,0.646188485,0.5981659025
256,1527,0.6574461242,0.6085869112
256,1530,0.6613058861,0.4897278628
256,1529,0.648118366,0.4799618889
256,1534,0.6629141203,0.613648544
256,1533,0.6709552911,0.6210921217
256,1536,0.6281762625,0.5814922885
256,1535,0.6912190415,0.6398499375
256,1537,0.6934705693,0.5135473114
256,1540,0.6934705693,0.5135473114
256,1542,0.6818912834,0.5049723099
256,1541,0.6851077517,0.5073542547
256,1543,0.6542296558,0.4844875841
256,1548,0.682534577,0.5054486989
256,1547,0.6590543583,0.4880605014
256,1552,0.6358957864,0.4709104984
256,1551,0.6870376327,0.5087834217
256,1553,0.6259247346,0.4635264694
256,1556,0.650048247,0.3610432918
256,1555,0.6603409456,0.3667599595
256,1560,0.6609842393,0.3671172512
256,1562,0.6793181087,0.3773000655
256,1561,0.6677388228,0.3708688144
256,1564,0.6709552911,0.372655273
256,1563,0.6860726922,0.3810516287
256,1566,0.6522997748,0.3622938129
256,1568,0.6986169186,0.3880188174
256,1567,0.6802830492,0.3778360031
256,1569,0.6670955291,0.3705115227
256,1571,0.696043744,0.5154528673
256,1574,0.6410421357,0.3560412076
256,1573,0.6619491798,0.3676531888
256,1576,0.6095207462,0.3385339129
256,1578,0.6400771952,0.4740070267
256,1577,0.6490833065,0.4806764723
256,1581,0.6870376327,0.5087834217
256,1584,0.6677388228,0.4944917525
256,1583,0.6732068189,0.4985410588
256,1586,0.6834995175,0.6327041029
256,1588,0.6928272757,0.5130709224
256,1592,0.6346091991,0.4699577205
256,1591,0.694113863,0.5140237004
256,1593,0.6992602123,0.5178348121
256,1596,0.6699903506,0.4961591139
256,1595,0.6925056288,0.5128327279
256,1598,0.6748150531,0.4997320312
256,1597,0.6256030878,0.4632882749
256,1600,0.6963653908,0.5156910618
256,1599,0.6204567385,0.4594771631
256,1601,0.6548729495,0.4849639731
256,1606,0.6876809263,0.5092598106
256,1607,0.6982952718,0.5171202287
256,1610,0.6674171759,0.494253558
256,1609,0.6896108073,0.5106889776
256,1611,0.6674171759,0.494253558
256,1614,0.6703119974,0.3722979813
256,1616,0.6182052107,0.3433573513
256,1618,0.6915406883,0.3840886083
256,1619,0.6529430685,0.7253022093
256,1622,0.6770665809,0.3760495445
256,1624,0.6397555484,0.5922110403
256,1623,0.653908009,0.605311737
256,1626,0.6358957864,0.3531828738
256,1632,0.6638790608,0.368725064
256,1631,0.6886458668,0.3824807956
256,1644,0.6651656481,0.3694396475
256,1648,0.6847861049,0.3803370452
256,1647,0.6513348344,0.3617578753
256,1650,0.6873592795,0.3817662121
256,1653,0.6786748151,0.3769427738
256,1656,0.6690254101,0.3715833978
256,1655,0.6223866195,0.3456797475
256,1660,0.661627533,0.367474543
256,1659,0.6532647153,0.3628297505
256,1662,0.6802830492,0.3778360031
256,1666,0.6687037633,0.371404752
256,1665,0.6432936636,0.3572917287
256,1668,0.6735284657,0.4987792533
256,1669,0.690254101,0.5111653665
256,1678,0.6931489225,0.5133091169
256,1677,0.6963653908,0.5156910618
256,1680,0.6471534255,0.5990591318
256,1679,0.6976519781,0.6458047996
256,1682,0.6095207462,0.4513785506
256,1681,0.6098423931,0.4516167451
256,1686,0.6436153104,0.5957839576
256,1685,0.6426503699,0.5948907283
256,1688,0.661627533,0.4899660573
256,1687,0.6394339016,0.4735306378
256,1690,0.692183982,0.5125945334
256,1689,0.6854293985,0.5075924492
256,1694,0.686394339,0.5083070327
256,1693,0.6471534255,0.4792473054
256,1698,0.6896108073,0.3830167332
256,1697,0.6786748151,0.3769427738
256,1700,0.6896108073,0.5106889776
256,1702,0.6851077517,0.3805156911
256,1701,0.6809263429,0.3781932948
256,1703,0.6371823738,0.5898290955
256,1706,0.6490833065,0.4806764723
256,1705,0.665487295,0.4928243911
256,1710,0.6954004503,0.5149764783
256,1709,0.6706336443,0.4966355029
256,1712,0.6465101319,0.5984636456
256,1711,0.6600192988,0.6109688561
256,1715,0.6709552911,0.6210921217
256,1717,0.6108073335,0.5654141607
256,1722,0.6371823738,0.5898290955
256,1726,0.680604696,0.5040195319
256,1728,0.6561595368,0.485916751
256,1727,0.6696687038,0.4959209194
256,1730,0.692183982,0.5125945334
256,1732,0.6741717594,0.4992556422
256,1731,0.6703119974,0.4963973084
256,1734,0.6535863622,0.4840111951
256,1733,0.6954004503,0.5149764783
256,1735,0.6732068189,0.4985410588
256,1738,0.6330009649,0.468766748
256,1737,0.6934705693,0.5135473114
256,1740,0.6802830492,0.5037813375
256,1739,0.6793181087,0.503066754
256,1741,0.6384689611,0.4728160543
256,1744,0.6410421357,0.4747216102
256,1743,0.6995818591,0.5180730066
256,1746,0.6693470569,0.4956827249
256,1745,0.6625924735,0.4906806407
256,1747,0.6995818591,0.5180730066
256,1751,0.6603409456,0.8557732388
256,1754,0.6658089418,0.4930625856
256,1758,0.6748150531,0.4997320312
256,1757,0.6722418784,0.4978264753
256,1760,0.6468317787,0.5987613887
256,1759,0.6857510454,0.6347883047
256,1764,0.6834995175,0.5061632823
256,1763,0.6725635252,0.4980646698
256,1768,0.6510131875,0.4821056393
256,1767,0.6230299132,0.461382719
256,1770,0.6928272757,0.5130709224
256,1769,0.6696687038,0.4959209194
256,1773,0.699903506,0.5183112011
256,1776,0.6326793181,0.4685285536
256,1775,0.6693470569,0.4956827249
256,1778,0.6976519781,0.5166438397
256,1780,0.6670955291,0.4940153635
256,1779,0.6677388228,0.4944917525
256,1782,0.6584110647,0.4875841124
256,1781,0.6468317787,0.4790091109
256,1784,0.6606625925,0.4892514738
256,1783,0.6458668382,0.4782945275
256,1786,0.6648440013,0.4923480021
256,1785,0.6642007076,0.4918716132
256,1788,0.6908973947,0.5116417555
256,1790,0.6310710839,0.7010063717
256,1789,0.6838211644,0.7596022152
256,1792,0.646188485,0.717799083
256,1791,0.6600192988,0.7331626273
256,1794,0.6420070762,0.4754361937
256,1793,0.6693470569,0.4956827249
256,1796,0.6603409456,0.4890132793
256,1795,0.6728851721,0.4983028643
256,1798,0.6535863622,0.4840111951
256,1797,0.6371823738,0.4718632764
256,1800,0.6728851721,0.4983028643
256,1799,0.6394339016,0.4735306378
256,1802,0.6436153104,0.4766271661
256,1801,0.661627533,0.4899660573
256,1806,0.6683821164,0.3712261061
256,1808,0.6690254101,0.4954445305
256,1807,0.6966870376,0.5159292562
256,1810,0.6661305886,0.4933007801
256,1809,0.6606625925,0.4892514738
256,1812,0.6490833065,0.3605073543
256,1811,0.6661305886,0.3699755851
256,1814,0.6590543583,0.6100756267
256,1813,0.6690254101,0.6193056631
256,1816,0.6246381473,0.5782171143
256,1818,0.6799614024,0.503543143
256,1817,0.6892891605,0.5104507831
256,1823,0.6162753297,0.5704757935
256,1826,0.699903506,0.5183112011
256,1828,0.6719202316,0.4975882808
256,1832,0.6867159858,0.5085452272
256,1831,0.6728851721,0.4983028643
256,1834,0.6217433258,0.460429941
256,1833,0.6741717594,0.4992556422
256,1840,0.646188485,0.478532722
256,1839,0.6677388228,0.4944917525
256,1842,0.6487616597,0.4804382779
256,1841,0.6925056288,0.5128327279
256,1850,0.6239948537,0.4620973024
256,1849,0.680604696,0.5040195319
256,1852,0.6989385655,0.646995772
256,1851,0.6667738823,0.6172214613
256,1854,0.686394339,0.5083070327
256,1853,0.699903506,0.5183112011
256,1856,0.6416854294,0.4751979992
256,1855,0.6465101319,0.4787709165
256,1858,0.6391122547,0.7099386649
256,1857,0.68832422,0.7646042994
256,1860,0.6809263429,0.5042577264
256,1859,0.6954004503,0.5149764783
256,1862,0.6593760051,0.4882986959
256,1861,0.653908009,0.4842493896
256,1864,0.6915406883,0.5121181445
256,1863,0.6712769379,0.4971118919
256,1866,0.694113863,0.5140237004
256,1865,0.6593760051,0.4882986959
256,1868,0.6658089418,0.4930625856
256,1867,0.6767449341,0.5011611981
256,1870,0.6642007076,0.4918716132
256,1874,0.6802830492,0.5037813375
256,1873,0.6330009649,0.468766748
256,1880,0.6207783853,0.4597153576
256,1879,0.646188485,0.478532722
256,1884,0.6834995175,0.3796224617
256,1883,0.6915406883,0.3840886083
256,1886,0.6468317787,0.3592568332
256,1885,0.6632357671,0.3683677723
256,1887,0.6664522354,0.4935389746
256,1889,0.6925056288,0.5128327279
256,1892,0.6667738823,0.4937771691
256,1894,0.6963653908,0.6446138272
256,1893,0.6732068189,0.6231763235
256,1896,0.6873592795,0.5090216161
256,1898,0.6783531682,0.5023521705
256,1897,0.6394339016,0.4735306378
256,1900,0.6593760051,0.6103733699
256,1899,0.6384689611,0.5910200679
256,1902,0.6114506272,0.3396057881
256,1901,0.6818912834,0.3787292324
256,1904,0.6182052107,0.4578098017
256,1903,0.6703119974,0.4963973084
256,1906,0.6513348344,0.4823438337
256,1909,0.6101640399,0.5648186744
256,1911,0.6860726922,0.3810516287
256,1914,0.6201350917,0.4592389686
256,1915,0.6802830492,0.3778360031
256,1918,0.6661305886,0.3699755851
256,1920,0.6445802509,0.4773417495
256,1922,0.6162753297,0.3422854761
256,1921,0.6143454487,0.3412136009
256,1924,0.6989385655,0.5175966176
256,1926,0.6661305886,0.4933007801
256,1925,0.6828562239,0.5056868933
256,1928,0.6455451914,0.478056333
256,1927,0.6098423931,0.4516167451
256,1930,0.6741717594,0.4992556422
256,1929,0.6777098746,0.5018757816
256,1932,0.6764232872,0.6261537545
256,1931,0.6786748151,0.6282379563
256,1934,0.6857510454,0.5078306437
256,1938,0.6580894178,0.4873459179
256,1940,0.686394339,0.5083070327
256,1941,0.6838211644,0.5064014768
256,1944,0.6712769379,0.4971118919
256,1943,0.627211322,0.4644792473
256,1946,0.6426503699,0.4759125826
256,1947,0.6995818591,0.5180730066
256,1950,0.68832422,0.6371702495
256,1949,0.6661305886,0.6166259751
256,1952,0.6847861049,0.5071160603
256,1951,0.6603409456,0.4890132793
256,1954,0.6741717594,0.4992556422
256,1953,0.6667738823,0.4937771691
256,1956,0.657767771,0.4871077235
256,1958,0.6506915407,0.4818674448
256,1957,0.6506915407,0.4818674448
256,1962,0.6754583467,0.5002084202
256,1961,0.6757799936,0.5004466147
256,1964,0.6793181087,0.503066754
256,1963,0.6513348344,0.4823438337
256,1966,0.6603409456,0.4890132793
256,1965,0.6625924735,0.4906806407
256,1969,0.6976519781,0.5166438397
256,1973,0.6230299132,0.461382719
256,1976,0.6931489225,0.5133091169
256,1977,0.6522997748,0.4830584172
256,1980,0.6198134448,0.4590007741
256,1979,0.6677388228,0.4944917525
256,1981,0.6648440013,0.4923480021
256,1986,0.6693470569,0.4956827249
256,1985,0.6474750724,0.4794854999
256,1988,0.6931489225,0.5133091169
256,1987,0.6715985848,0.4973500863
256,1992,0.6728851721,0.4983028643
256,1996,0.6284979093,0.4654320252
256,1998,0.6947571566,0.6431251117
256,2000,0.6484400129,0.4802000834
256,1999,0.6696687038,0.4959209194
976,1277,0.6140238019,0.341034955
