p1,p2,distance,similarity
3,256,0.7031199743,0.3905198595
4,255,0.730459955,0.4057047579
7,256,0.7356063043,0.4085630918
8,255,0.7101962046,0.3944500685
14,255,0.7224187842,0.4012386113
16,255,0.7397877131,0.410885488
18,255,0.7761338051,0.4310724707
19,256,0.7397877131,0.410885488
22,255,0.7089096172,0.393735485
25,256,0.7182373754,0.5318882868
30,255,0.7539401737,0.6979098434
32,255,0.7079446767,0.3931995474
37,256,0.7182373754,0.3989162151
38,255,0.7539401737,0.418745906
47,256,0.7069797362,0.3926636098
48,255,0.7404310068,0.4112427797
51,256,0.7336764233,0.4074912166
52,255,0.7056931489,0.3919490264
53,256,0.7143776134,0.6612874412
54,255,0.7275651335,0.6734949086
55,256,0.7044065616,0.3912344429
57,256,0.7597298167,0.4219615316
68,255,0.7143776134,0.3967724647
70,255,0.7137343197,0.396415173
71,256,0.7976841428,0.4430417436
72,255,0.7413959472,0.4117787173
74,255,0.764876166,0.4248198654
76,255,0.7545834674,0.4191031978
79,256,0.7182373754,0.3989162151
81,256,0.7539401737,0.6979098434
82,255,0.7243486652,0.6705174775
85,256,0.7349630106,0.5442744
86,255,0.7529752332,0.5576132913
91,256,0.7021550338,0.5199785625
95,256,0.7111611451,0.5266480081
96,255,0.7015117401,0.5195021735
98,255,0.7732389836,0.5726195439
112,255,0.7066580894,0.5233132853
114,255,0.7063364426,0.5230750908
119,256,0.7163074944,0.5304591199
122,255,0.7565133483,0.5602334306
123,256,0.7146992602,0.5292681474
126,255,0.7452557092,0.5518966236
134,255,0.7359279511,0.5449889835
139,256,0.7018333869,0.64967546
140,255,0.7146992602,0.6615851843
143,256,0.757156642,0.5607098196
148,255,0.7034416211,0.6511641755
149,256,0.7606947572,0.5633299589
152,255,0.7500804117,0.6943369261
153,256,0.7130910261,0.528077175
158,255,0.7127693792,0.6597987257
159,256,0.7021550338,0.6499732031
160,255,0.7603731103,0.7038647055
164,255,0.7056931489,0.5225987018
165,256,0.7417175941,0.4119573632
170,255,0.7256352525,0.40302507
175,256,0.7172724349,0.5311737033
176,255,0.764876166,0.5664264872
177,256,0.7204889032,0.4001667361
178,255,0.7462206497,0.4144584053
180,255,0.7278867803,0.5390341214
181,256,0.7118044387,0.5271243971
182,255,0.751366999,0.5564223188
185,256,0.7185590222,0.5321264813
195,256,0.7545834674,0.4191031978
196,255,0.7111611451,0.3949860061
202,255,0.7446124156,0.413565176
203,256,0.7095529109,0.3940927768
208,255,0.7050498553,0.3915917347
209,256,0.7333547765,0.6788542845
210,255,0.7529752332,0.6970166141
216,255,0.7063364426,0.3923063181
223,256,0.7092312641,0.3939141309
224,255,0.7420392409,0.4121360091
231,256,0.7111611451,0.3949860061
232,255,0.7037632679,0.3908771512
233,256,0.7124477324,0.3957005895
234,255,0.7031199743,0.3905198595
235,256,0.7050498553,0.6526528911
239,256,0.7044065616,0.6520574049
240,255,0.7291733676,0.6749836241
241,256,0.7362495979,0.545227178
244,255,0.7645545191,0.5661882927
246,255,0.7523319395,0.5571369023
251,256,0.7504020585,0.5557077354
252,255,0.7076230299,0.5240278688
256,257,0.749437118,0.5549931519
256,259,0.730459955,0.5409396772
256,268,0.7024766806,0.7803251355
256,273,0.7044065616,0.5216459239
256,275,0.7475072371,0.553563985
256,278,0.7716307494,1.0
256,287,0.7163074944,0.5304591199
256,297,0.78578321,0.4364318466
256,300,0.7809585076,0.4337521586
256,304,0.7481505307,0.4155302805
256,306,0.7555484078,0.5595188471
256,305,0.722740431,0.5352230096
256,314,0.7143776134,0.529029953
256,313,0.722740431,0.5352230096
256,318,0.7011900933,0.519263979
256,317,0.7105178514,0.5261716191
256,320,0.7372145384,0.5459417614
256,325,0.7613380508,0.5638063479
256,328,0.718880669,0.5323646758
256,327,0.7581215825,0.561424403
256,332,0.7085879704,0.5247424522
256,336,0.7423608877,0.5497528732
256,335,0.7516886459,0.5566605133
256,338,0.7015117401,0.5195021735
256,340,0.7433258282,0.5504674567
256,339,0.7783853329,0.5764306556
256,348,0.7089096172,0.5249806467
256,347,0.7021550338,0.5199785625
256,350,0.7185590222,0.5321264813
256,349,0.7278867803,0.5390341214
256,351,0.7002251528,0.5185493956
256,358,0.7500804117,0.5554695409
256,357,0.7587648762,0.561900792
256,368,0.7044065616,0.5216459239
256,367,0.734319717,0.5437980111
256,372,0.7163074944,0.5304591199
256,371,0.7230620778,0.5354612041
256,375,0.7121260856,0.6592032394
256,378,0.7118044387,0.5271243971
256,382,0.7079446767,0.5242660632
256,383,0.751366999,0.5564223188
256,389,0.749437118,0.5549931519
256,398,0.7420392409,0.5495146787
256,399,0.7600514635,0.5628535699
256,401,0.7153425539,0.5297445364
256,404,0.7008684464,0.5190257846
256,403,0.7388227726,0.5471327339
256,406,0.761016404,0.5635681534
256,405,0.7333547765,0.5430834276
256,408,0.7214538437,0.5342702316
256,407,0.7349630106,0.5442744
256,410,0.7069797362,0.5235514798
256,412,0.7211321968,0.5340320372
256,411,0.7211321968,0.5340320372
256,416,0.7523319395,0.5571369023
256,418,0.7388227726,0.5471327339
256,417,0.7175940817,0.5314118978
256,422,0.7404310068,0.5483237063
256,421,0.7217754905,0.5345084261
256,423,0.7619813445,0.8464241053
256,426,0.7465422966,0.5528494015
256,425,0.718880669,0.5323646758
256,430,0.7436474751,0.5507056512
256,429,0.7497587649,0.5552313464
256,439,0.7201672564,0.7999761806
256,441,0.7639112255,0.5657119038
256,444,0.7108394982,0.5264098136
256,443,0.7002251528,0.5185493956
256,456,0.7539401737,0.5583278747
256,458,0.7040849148,0.5214077294
256,460,0.7481505307,0.554040374
256,459,0.7510453522,0.5561841243
256,463,0.766806047,0.5678556541
256,466,0.7108394982,0.5264098136
256,468,0.7027983274,0.5204549515
256,467,0.7108394982,0.5264098136
256,470,0.7404310068,0.5483237063
256,469,0.7420392409,0.5495146787
256,474,0.7458990029,0.5523730126
256,473,0.7426825346,0.5499910677
256,476,0.7565133483,0.5602334306
256,475,0.7468639434,0.553087596
256,479,0.7034416211,0.5209313404
256,485,0.7462206497,0.5526112071
256,492,0.7420392409,0.6868933484
256,494,0.7095529109,0.5254570357
256,496,0.7179157285,0.5316500923
256,495,0.7558700547,0.5597570416
256,502,0.7356063043,0.544750789
256,501,0.7050498553,0.5221223129
256,504,0.7024766806,0.520216757
256,508,0.7182373754,0.6648603585
256,507,0.7333547765,0.6788542845
256,510,0.7220971373,0.8021199309
256,514,0.7301383081,0.6758768535
256,519,0.7259568993,0.5376049544
256,522,0.7735606304,0.5728577383
256,521,0.7430041814,0.5502292622
256,524,0.7079446767,0.5242660632
256,523,0.7256352525,0.53736676
256,525,0.7619813445,0.5642827369
256,529,0.7047282084,0.5218841184
256,532,0.7481505307,0.554040374
256,531,0.7581215825,0.561424403
256,534,0.7111611451,0.5266480081
256,544,0.7053715021,0.5223605074
256,545,0.7584432293,0.5616625975
256,548,0.7127693792,0.5278389805
256,547,0.7011900933,0.519263979
256,549,0.7510453522,0.5561841243
256,560,0.7391444194,0.5473709284
256,559,0.7510453522,0.5561841243
256,561,0.7761338051,0.5747632942
256,566,0.7092312641,0.5252188412
256,567,0.7417175941,0.5492764842
256,576,0.7095529109,0.5254570357
256,575,0.7095529109,0.5254570357
256,580,0.7475072371,0.6919549812
256,582,0.7574782888,0.5609480141
256,581,0.7375361853,0.5461799559
256,584,0.728530074,0.5395105103
256,583,0.732389836,0.5423688442
256,586,0.7565133483,0.7002917882
256,589,0.7172724349,0.5311737033
256,596,0.715020907,0.5295063419
256,601,0.7262785462,0.5378431489
256,606,0.7092312641,0.3939141309
256,607,0.7558700547,0.4198177812
256,612,0.7278867803,0.404275591
256,611,0.7182373754,0.3989162151
256,620,0.7925377935,0.586911213
256,619,0.7697008684,0.5699994045
256,630,0.7362495979,0.545227178
256,629,0.7362495979,0.545227178
256,632,0.7111611451,0.5266480081
256,634,0.7356063043,0.544750789
256,636,0.7249919588,0.536890371
256,638,0.7661627533,0.5673792652
256,637,0.7288517208,0.5397487048
256,640,0.7980057896,0.7387006491
256,639,0.7568349952,0.7005895314
256,641,0.7204889032,0.9337223843
256,644,0.759086523,0.5621389865
256,643,0.7365712448,0.5454653725
256,646,0.7452557092,0.6898707795
256,645,0.7301383081,0.6758768535
256,654,0.7137343197,0.528553564
256,653,0.7015117401,0.5195021735
256,658,0.7089096172,0.5249806467
256,662,0.7044065616,0.6520574049
256,661,0.7114827919,0.6586077532
256,664,0.7085879704,0.5247424522
256,666,0.7327114828,0.5426070386
256,668,0.7291733676,0.5399868993
256,667,0.7359279511,0.5449889835
256,670,0.7085879704,0.6559280653
256,674,0.7471855902,0.8299886858
256,673,0.7378578321,0.8196272256
256,678,0.7031199743,0.520693146
256,680,0.7545834674,0.6985053296
256,682,0.7140559665,0.5287917585
256,681,0.7780636861,0.5761924611
256,684,0.7471855902,0.5533257905
256,683,0.7224187842,0.5349848151
256,688,0.7156642007,0.5299827309
256,687,0.7307816018,0.5411778717
256,692,0.7095529109,0.5254570357
256,698,0.7806368607,0.578098017
256,697,0.7976841428,0.5907223248
256,702,0.7240270183,0.5361757875
256,701,0.7327114828,0.5426070386
256,704,0.715020907,0.5295063419
256,703,0.7108394982,0.5264098136
256,705,0.749437118,0.5549931519
256,712,0.7568349952,0.5604716251
256,711,0.7391444194,0.5473709284
256,718,0.7278867803,0.5390341214
256,717,0.7433258282,0.5504674567
256,719,0.722740431,0.5352230096
256,722,0.7436474751,0.5507056512
256,721,0.7195239627,0.5328410647
256,724,0.751366999,0.5564223188
256,723,0.7397877131,0.5478473173
256,732,0.7613380508,0.7047579349
256,731,0.7327114828,0.6782587983
256,733,0.7031199743,0.520693146
256,738,0.7516886459,0.5566605133
256,737,0.7597298167,0.5626153755
256,740,0.7092312641,0.5252188412
256,739,0.7159858475,0.5302209254
256,742,0.7024766806,0.520216757
256,748,0.7018333869,0.389805276
256,750,0.7243486652,0.4023104865
256,751,0.7889996784,0.4382183052
256,754,0.7040849148,0.3910557971
256,753,0.7606947572,0.4224974692
256,755,0.7558700547,0.5597570416
256,760,0.7539401737,0.418745906
256,759,0.7385011258,0.4101709045
256,762,0.7069797362,0.3926636098
256,764,0.7475072371,0.4151729887
256,763,0.7677709875,0.4264276782
256,768,0.7404310068,0.4112427797
256,767,0.7404310068,0.4112427797
256,778,0.734319717,0.6797475138
256,777,0.7015117401,0.6493777169
256,782,0.7359279511,0.6812362294
256,781,0.7584432293,0.7020782469
256,784,0.7359279511,0.6812362294
256,785,0.7121260856,0.5273625916
256,789,0.7053715021,0.5223605074
256,791,0.7397877131,0.9587328053
256,803,0.7021550338,0.5199785625
256,806,0.7140559665,0.5287917585
256,812,0.759086523,0.5621389865
256,814,0.7040849148,0.5214077294
256,818,0.7047282084,0.5218841184
256,817,0.718880669,0.5323646758
256,824,0.7452557092,0.5518966236
256,828,0.7359279511,0.4087417376
256,834,0.75329688,0.4183886143
256,833,0.7214538437,0.4007026737
256,838,0.7471855902,0.4149943429
256,837,0.7565133483,0.4201750729
256,840,0.7089096172,0.393735485
256,845,0.7600514635,0.5628535699
256,849,0.7140559665,0.3965938189
256,853,0.7047282084,0.5218841184
256,857,0.7063364426,0.3923063181
256,860,0.7504020585,0.4167808015
256,859,0.7777420392,0.4319657
256,863,0.7581215825,0.4210683023
256,865,0.7105178514,0.5261716191
256,877,0.7311032486,0.5414160662
256,882,0.761016404,0.5635681534
256,881,0.7426825346,0.5499910677
256,884,0.7282084271,0.5392723158
256,883,0.7587648762,0.561900792
256,888,0.7401093599,0.5480855118
256,887,0.7269218398,0.5383195379
256,890,0.7098745577,0.5256952302
256,900,0.7224187842,0.5349848151
256,899,0.7478288839,0.5538021795
256,901,0.751366999,0.5564223188
256,906,0.7600514635,0.5628535699
256,910,0.766806047,0.5678556541
256,909,0.7217754905,0.5345084261
256,911,0.7941460277,0.5881021854
256,916,0.7947893213,0.735723218
256,915,0.7822450949,0.7241112368
256,919,0.7118044387,0.5271243971
256,921,0.7500804117,0.6943369261
256,928,0.7198456095,0.5330792592
256,932,0.7066580894,0.5233132853
256,936,0.7011900933,0.519263979
256,935,0.7156642007,0.5299827309
256,939,0.7082663236,0.5245042577
256,941,0.7478288839,0.5538021795
256,945,0.7140559665,0.5287917585
256,947,0.7047282084,0.652355148
256,950,0.7507237054,0.5559459299
256,949,0.7333547765,0.5430834276
256,953,0.7372145384,0.5459417614
256,958,0.7021550338,0.5199785625
256,959,0.7433258282,0.5504674567
256,966,0.7214538437,0.5342702316
256,965,0.7613380508,0.5638063479
256,967,0.7359279511,0.5449889835
256,972,0.7044065616,0.5216459239
256,980,0.7011900933,0.3894479843
256,979,0.7613380508,0.4228547609
256,982,0.7047282084,0.3914130888
256,981,0.7146992602,0.3969511106
256,983,0.7137343197,0.396415173
256,986,0.7079446767,0.3931995474
256,985,0.7082663236,0.3933781933
256,992,0.7011900933,0.3894479843
256,995,0.7359279511,0.4087417376
256,997,0.7806368607,0.4335735128
256,1002,0.7272434867,0.5385577324
256,1001,0.7278867803,0.5390341214
256,1004,0.7108394982,0.658012267
256,1003,0.7439691219,0.6886798071
256,1006,0.755226761,0.5592806527
256,1005,0.7198456095,0.5330792592
256,1010,0.7594081698,0.562377181
256,1009,0.7362495979,0.545227178
256,1014,0.7069797362,0.5235514798
256,1013,0.7549051142,0.5590424582
256,1029,0.7388227726,0.6839159173
256,1032,0.7404310068,0.5483237063
256,1031,0.7449340624,0.5516584291
256,1036,0.7407526536,0.5485619008
256,1035,0.7134126729,0.5283153695
256,1038,0.7015117401,0.5195021735
256,1041,0.7037632679,0.5211695349
256,1044,0.7240270183,0.4021318406
256,1047,0.7127693792,0.3958792354
256,1054,0.7050498553,0.5221223129
256,1053,0.7401093599,0.5480855118
256,1064,0.7182373754,0.5318882868
256,1063,0.7420392409,0.5495146787
256,1069,0.7124477324,0.527600786
256,1072,0.7385011258,0.5468945394
256,1071,0.7314248955,0.5416542607
256,1074,0.7118044387,0.6589054963
256,1075,0.7902862657,0.5852438516
256,1080,0.7156642007,0.5299827309
256,1079,0.734319717,0.5437980111
256,1082,0.7156642007,0.5299827309
256,1081,0.7381794789,0.5466563449
256,1084,0.7011900933,0.7788959686
256,1083,0.7368928916,0.8185553504
256,1088,0.7175940817,0.5314118978
256,1087,0.7027983274,0.5204549515
256,1096,0.7333547765,0.5430834276
256,1098,0.7423608877,0.6871910915
256,1101,0.730459955,0.5409396772
256,1103,0.7050498553,0.5221223129
256,1106,0.7089096172,0.5249806467
256,1105,0.7770987456,0.5754778777
256,1116,0.7584432293,0.5616625975
256,1128,0.718880669,0.5323646758
256,1127,0.7220971373,0.5347466206
256,1129,0.7307816018,0.5411778717
256,1131,0.7066580894,0.5233132853
256,1134,0.7047282084,0.5218841184
256,1133,0.7413959472,0.5490382898
256,1139,0.7523319395,0.5571369023
256,1144,0.7224187842,0.5349848151
256,1143,0.7417175941,0.5492764842
256,1148,0.7172724349,0.5311737033
256,1149,0.7249919588,0.6711129637
256,1153,0.7027983274,0.5204549515
256,1160,0.7085879704,0.5247424522
256,1168,0.7198456095,0.666349074
256,1169,0.7195239627,0.5328410647
256,1171,0.7044065616,0.5216459239
256,1180,0.7021550338,0.5199785625
256,1182,0.7021550338,0.5199785625
256,1181,0.7082663236,0.5245042577
256,1185,0.7500804117,0.5554695409
256,1190,0.7410743004,0.5488000953
256,1192,0.7015117401,0.6493777169
256,1193,0.7703441621,0.7130947419
256,1196,0.7262785462,0.5378431489
256,1195,0.7124477324,0.527600786
256,1199,0.7233837247,0.6696242482
256,1204,0.7092312641,0.5252188412
256,1205,0.7153425539,0.5297445364
256,1207,0.7095529109,0.5254570357
256,1212,0.7520102927,0.5568987078
256,1211,0.7491154712,0.5547549574
256,1214,0.72081055,0.5337938427
256,1217,0.7526535864,0.5573750968
256,1225,0.722740431,0.5352230096
256,1236,0.7044065616,0.5216459239
256,1235,0.7462206497,0.5526112071
256,1238,0.7497587649,0.694039183
256,1240,0.7436474751,0.5507056512
256,1242,0.7034416211,0.5209313404
256,1251,0.7690575748,0.7119037694
256,1254,0.7034416211,0.3906985053
256,1253,0.7626246381,0.4235693444
256,1256,0.7111611451,0.3949860061
256,1259,0.7124477324,0.527600786
256,1266,0.7314248955,0.8124813911
256,1272,0.7745255709,0.4301792414
256,1271,0.7108394982,0.3948073602
256,1278,0.7127693792,0.5278389805
256,1281,0.7275651335,0.5387959269
256,1288,0.7056931489,0.5225987018
256,1287,0.7777420392,0.5759542667
256,1294,0.7005467996,0.5187875901
256,1293,0.7394660663,0.5476091228
256,1296,0.7385011258,0.4101709045
256,1295,0.7468639434,0.414815697
256,1300,0.7240270183,0.4021318406
256,1299,0.757156642,0.4205323647
256,1301,0.7069797362,0.3926636098
256,1305,0.7510453522,0.5561841243
256,1310,0.7044065616,0.5216459239
256,1309,0.7632679318,0.5652355148
256,1311,0.7365712448,0.6818317156
256,1314,0.728530074,0.5395105103
256,1313,0.7111611451,0.5266480081
256,1316,0.718880669,0.5323646758
256,1315,0.732389836,0.5423688442
256,1324,0.7433258282,0.5504674567
256,1323,0.7385011258,0.5468945394
256,1326,0.7114827919,0.5268862026
256,1325,0.7339980701,0.5435598166
256,1332,0.7044065616,0.3912344429
256,1331,0.7314248955,0.4062406955
256,1334,0.7060147958,0.3921276722
256,1333,0.7198456095,0.3998094444
256,1336,0.7063364426,0.5230750908
256,1337,0.7053715021,0.5223605074
256,1339,0.7516886459,0.417495385
256,1345,0.7478288839,0.5538021795
256,1347,0.7076230299,0.5240278688
256,1354,0.7291733676,0.4049901745
256,1353,0.7282084271,0.4044542369
256,1357,0.7507237054,0.4169594474
256,1360,0.7333547765,0.4073125707
256,1359,0.7182373754,0.3989162151
256,1366,0.7011900933,0.3894479843
256,1365,0.7249919588,0.4026677782
256,1368,0.7008684464,0.3892693384
256,1371,0.7047282084,0.3914130888
256,1373,0.726600193,0.4035610076
256,1380,0.7401093599,0.5480855118
256,1379,0.7214538437,0.5342702316
256,1382,0.7021550338,0.3899839219
256,1384,0.7249919588,0.4026677782
256,1388,0.7108394982,0.3948073602
256,1387,0.7108394982,0.3948073602
256,1399,0.7259568993,0.5376049544
256,1405,0.7613380508,0.5638063479
256,1410,0.7079446767,0.5242660632
256,1412,0.7214538437,0.5342702316
256,1411,0.7635895786,0.5654737093
256,1414,0.7063364426,0.7846126362
256,1413,0.749437118,0.8324897279
256,1418,0.7002251528,0.3889120467
256,1417,0.7082663236,0.3933781933
256,1424,0.7320681891,0.5421306497
256,1423,0.7288517208,0.5397487048
256,1427,0.7044065616,0.3912344429
256,1429,0.7529752332,0.4182099684
256,1431,0.7635895786,0.7068421366
256,1449,0.7487938244,0.5545167629
256,1452,0.7330331296,0.5428452331
256,1459,0.7253136057,0.5371285655
256,1463,0.7143776134,0.6612874412
256,1468,0.7137343197,0.528553564
256,1467,0.7651978128,0.5666646817
256,1470,0.7015117401,0.5195021735
256,1472,0.7259568993,0.5376049544
256,1471,0.7713091026,0.5711903769
256,1473,0.7211321968,0.5340320372
256,1476,0.7674493406,0.5683320431
256,1475,0.7674493406,0.5683320431
256,1480,0.7121260856,0.5273625916
256,1481,0.730459955,0.5409396772
256,1485,0.7015117401,0.5195021735
256,1488,0.7056931489,0.5225987018
256,1487,0.7259568993,0.5376049544
256,1492,0.7163074944,0.3978443399
256,1491,0.7565133483,0.4201750729
256,1494,0.7098745577,0.5256952302
256,1495,0.7179157285,0.3987375692
256,1498,0.7516886459,0.417495385
256,1500,0.7002251528,0.5185493956
256,1499,0.7269218398,0.5383195379
256,1504,0.7008684464,0.5190257846
256,1503,0.7742039241,0.5733341273
256,1513,0.7526535864,0.5573750968
256,1515,0.7616596977,0.5640445424
256,1518,0.7320681891,0.5421306497
256,1517,0.7549051142,0.5590424582
256,1521,0.7101962046,0.5259334246
256,1524,0.7108394982,0.5264098136
256,1523,0.7581215825,0.561424403
256,1532,0.7011900933,0.519263979
256,1531,0.732389836,0.5423688442
256,1538,0.7143776134,0.529029953
256,1539,0.7018333869,0.519740368
256,1544,0.7108394982,0.5264098136
256,1546,0.7655194596,0.5669028762
256,1545,0.7803152139,0.5778598225
256,1550,0.7192023159,0.5326028702
256,1549,0.7413959472,0.5490382898
256,1554,0.7185590222,0.5321264813
256,1558,0.7021550338,0.3899839219
256,1557,0.7500804117,0.4166021557
256,1565,0.7661627533,0.4255344489
256,1570,0.7082663236,0.3933781933
256,1572,0.7224187842,0.5349848151
256,1575,0.7594081698,0.4217828857
256,1580,0.7185590222,0.7981897219
256,1579,0.7153425539,0.7946168046
256,1585,0.7204889032,0.6669445602
256,1587,0.7175940817,0.5314118978
256,1590,0.7783853329,0.5764306556
256,1594,0.7233837247,0.5356993986
256,1602,0.715020907,0.5295063419
256,1604,0.7140559665,0.5287917585
256,1603,0.751366999,0.5564223188
256,1605,0.7767770987,0.5752396832
256,1608,0.7082663236,0.5245042577
256,1612,0.7085879704,0.5247424522
256,1613,0.7732389836,0.4294646579
256,1617,0.7172724349,0.3983802775
256,1620,0.7172724349,0.796760555
256,1621,0.734319717,0.4078485083
256,1625,0.7732389836,0.4294646579
256,1628,0.7902862657,0.4389328887
256,1627,0.7799935671,0.433216221
256,1630,0.7153425539,0.3973084023
256,1629,0.7507237054,0.4169594474
256,1633,0.7336764233,0.4074912166
256,1636,0.7137343197,0.396415173
256,1635,0.7410743004,0.4116000715
256,1638,0.7037632679,0.3908771512
256,1637,0.7439691219,0.4132078842
256,1640,0.7031199743,0.3905198595
256,1639,0.7626246381,0.4235693444
256,1642,0.7462206497,0.4144584053
256,1643,0.7442907687,0.4133865301
256,1645,0.7314248955,0.4062406955
256,1652,0.7500804117,0.4166021557
256,1651,0.7960759087,0.4421485143
256,1654,0.7050498553,0.3915917347
256,1658,0.7159858475,0.397665694
256,1661,0.7015117401,0.3896266301
256,1664,0.7024766806,0.3901625677
256,1663,0.7356063043,0.4085630918
256,1667,0.7449340624,0.5516584291
256,1672,0.7060147958,0.5228368963
256,1671,0.7703441621,0.5704757935
256,1674,0.7185590222,0.5321264813
256,1673,0.7458990029,0.5523730126
256,1676,0.7166291412,0.5306973144
256,1675,0.7288517208,0.5397487048
256,1684,0.757156642,0.5607098196
256,1683,0.7613380508,0.5638063479
256,1692,0.762946285,0.5649973203
256,1691,0.7027983274,0.5204549515
256,1696,0.7002251528,0.6481867445
256,1695,0.7545834674,0.6985053296
256,1699,0.7407526536,0.5485619008
256,1704,0.7516886459,0.6958256416
256,1708,0.716950788,0.5309355088
256,1707,0.7137343197,0.528553564
256,1714,0.749437118,0.6937414399
256,1713,0.7330331296,0.6785565414
256,1716,0.7259568993,0.6720061931
256,1720,0.730459955,0.6761745966
256,1719,0.7050498553,0.6526528911
256,1724,0.75329688,0.5578514857
256,1723,0.7249919588,0.536890371
256,1725,0.7079446767,0.5242660632
256,1729,0.7635895786,0.5654737093
256,1736,0.7053715021,0.5223605074
256,1742,0.7037632679,0.5211695349
256,1748,0.734319717,0.5437980111
256,1750,0.7433258282,0.5504674567
256,1749,0.7606947572,0.5633299589
256,1752,0.724670312,0.9391413089
256,1753,0.762946285,0.5649973203
256,1756,0.7327114828,0.5426070386
256,1755,0.7462206497,0.5526112071
256,1762,0.7027983274,0.5204549515
256,1761,0.7140559665,0.5287917585
256,1765,0.7114827919,0.5268862026
256,1772,0.749437118,0.5549931519
256,1771,0.7063364426,0.5230750908
256,1774,0.7539401737,0.5583278747
256,1777,0.730459955,0.5409396772
256,1787,0.7053715021,0.5223605074
256,1804,0.7359279511,0.8174834753
256,1803,0.7053715021,0.783540761
256,1805,0.7577999357,0.4208896564
256,1815,0.730459955,0.6761745966
256,1820,0.7256352525,0.53736676
256,1819,0.7044065616,0.5216459239
256,1822,0.726600193,0.4035610076
256,1821,0.7626246381,0.4235693444
256,1824,0.7143776134,0.6612874412
256,1825,0.7426825346,0.5499910677
256,1827,0.7027983274,0.5204549515
256,1836,0.791572853,0.5861966295
256,1838,0.7507237054,0.5559459299
256,1837,0.7507237054,0.5559459299
256,1844,0.7455773561,0.6901685226
256,1843,0.7294950145,0.6752813672
256,1846,0.728530074,0.5395105103
256,1845,0.7565133483,0.5602334306
256,1848,0.716950788,0.5309355088
256,1847,0.7430041814,0.5502292622
256,1869,0.7018333869,0.519740368
256,1872,0.7015117401,0.6493777169
256,1871,0.7420392409,0.6868933484
256,1876,0.7175940817,0.5314118978
256,1875,0.7211321968,0.5340320372
256,1878,0.7346413638,0.5440362056
256,1877,0.7291733676,0.5399868993
256,1881,0.7053715021,0.6529506342
256,1888,0.7079446767,0.5242660632
256,1890,0.7278867803,0.5390341214
256,1891,0.7288517208,0.5397487048
256,1895,0.7314248955,0.5416542607
256,1905,0.7288517208,0.5397487048
256,1908,0.7060147958,0.3921276722
256,1907,0.7143776134,0.3967724647
256,1910,0.7140559665,0.6609896981
256,1912,0.7008684464,0.3892693384
256,1913,0.7462206497,0.5526112071
256,1916,0.7060147958,0.3921276722
256,1917,0.7410743004,0.4116000715
256,1919,0.7098745577,0.5256952302
256,1933,0.7465422966,0.5528494015
256,1936,0.7056931489,0.5225987018
256,1935,0.7056931489,0.5225987018
256,1937,0.7066580894,0.5233132853
256,1939,0.7777420392,0.5759542667
256,1942,0.7021550338,0.5199785625
256,1945,0.7873914442,0.5831001012
256,1948,0.7458990029,0.5523730126
256,1955,0.7108394982,0.5264098136
256,1960,0.7404310068,0.5483237063
256,1959,0.7996140238,0.5921514917
256,1968,0.7024766806,0.520216757
256,1967,0.7166291412,0.5306973144
256,1972,0.7349630106,0.6803430001
256,1971,0.7420392409,0.6868933484
256,1974,0.7294950145,0.5402250938
256,1975,0.7278867803,0.5390341214
256,1982,0.7127693792,0.5278389805
256,1984,0.7243486652,0.6705174775
256,1983,0.7282084271,0.6740903948
256,1990,0.7127693792,0.6597987257
256,1989,0.7024766806,0.6502709462
256,1991,0.7256352525,0.53736676
256,1994,0.7674493406,0.5683320431
256,1993,0.7510453522,0.5561841243
256,1995,0.7603731103,0.5630917644
256,1997,0.7584432293,0.7020782469
