p1,p2,distance,similarity
21,256,0.8568671599,0.4759125826
46,255,0.8562238662,0.4755552909
73,256,0.8867803152,0.492526648
75,256,0.8028304921,0.4459000774
99,256,0.8903184304,0.6593223367
118,255,0.8706979736,0.6447924731
169,256,0.8771309103,0.4871672721
219,256,0.829848826,0.46090633
220,255,0.8044387263,0.4467933067
236,255,0.8906400772,0.824450664
256,262,0.83756835,0.620258441
256,261,0.83756835,0.620258441
256,283,0.862335156,0.6385994164
256,342,0.8440012866,0.6250223307
256,341,0.8440012866,0.6250223307
256,424,0.8922483114,0.9911272554
256,452,0.8806690254,0.6521765021
256,484,0.8899967835,0.6590841422
256,597,0.8803473786,0.6519383076
256,610,0.8774525571,0.4873459179
256,609,0.835638469,0.4641219556
256,631,0.8488259891,0.628595248
256,651,0.8079768414,0.5983445483
256,761,0.8716629141,0.4841302924
256,804,0.8899967835,0.6590841422
256,864,0.8748793824,0.485916751
256,957,0.8208427147,0.6078723278
256,1000,0.8874236089,0.6571785863
256,1043,0.8539723384,0.4743047698
256,1065,0.8025088453,0.5942952421
256,1136,0.8748793824,0.6478890014
256,1239,0.8504342232,0.6297862204
256,1245,0.892891605,0.6612278926
256,1267,0.8095850756,0.5995355208
256,1391,0.8893534899,0.4939558149
256,1402,0.8806690254,0.8152206276
256,1403,0.8173045995,0.6052521884
256,1497,0.81826954,0.4544750789
256,1514,0.8899967835,0.6590841422
256,1559,0.81826954,0.4544750789
256,1582,0.8748793824,0.6478890014
256,1589,0.856545513,0.6343119157
256,1615,0.8417497588,0.467516227
256,1634,0.8771309103,0.4871672721
256,1641,0.8044387263,0.4467933067
256,1646,0.8883885494,0.4934198773
256,1649,0.8105500161,0.4501875782
256,1657,0.8739144419,0.4853808134
256,1670,0.8887101962,0.6581313643
256,1718,0.8903184304,0.8241529209
256,1766,0.8803473786,0.6519383076
256,1835,0.8057253136,0.5966771869
256,1923,0.8459311676,0.6264514976
256,1978,0.8903184304,0.6593223367
