p1,p2,distance,similarity
31,256,0.9797362496,0.5441553028
39,256,0.9909938887,0.5504079081
41,256,0.9761981344,0.5421901983
42,255,0.9761981344,0.5421901983
78,255,0.9877774204,0.5486214494
191,256,0.9993567063,0.5550527005
256,266,0.9919588292,0.9182397427
256,326,0.9974268253,0.7386411005
256,387,0.9778063686,0.7241112368
256,533,0.9109038276,0.6745667838
256,779,0.9868124799,0.7307806824
256,841,0.9134770023,0.5073542547
256,893,0.9893856546,0.9158577979
256,968,0.9990350595,0.7398320729
256,1146,0.9880990672,0.9146668255
256,1277,0.9128337086,0.6759959507
256,1392,0.990350595,0.5500506163
256,1440,0.9803795433,0.5445125945
256,1721,1.0,0.9256833204
256,1882,0.9900289482,0.9164532841
256,1970,0.9935670634,0.7357827666
